  7.9067e-002  -1.6837e-001  7.3131e-003  -3.5973e-001  5.9402e-001  4.0309e-001
  1.1922e-002  4.7403e-002  -2.4358e-001  1.2694e-002  -2.2913e-001  -1.1509e+000
  -5.3247e-002  -7.2249e-002  -6.3827e-001  1.8954e-001  -3.4453e-001  4.9947e-001
  -1.7066e-001  -2.9990e-001  -9.4915e-001  4.9727e-001  -2.1370e-001  6.5329e-001
  -1.9552e-002  7.2639e-001  -3.9344e-001  7.6103e-002  -4.2847e-001  -1.0382e+000
  2.0709e-003  -4.0217e-001  -1.8107e-001  -1.1637e+000  -1.5943e-001  2.0648e-001
  2.3019e-003  1.2773e-001  5.7446e-001  -3.5815e-001  2.1604e-001  -2.1332e-002
  -1.6375e-001  9.2195e-001  4.1350e-001  5.0150e-001  -5.7306e-001  -2.4610e-001
  -7.8830e-002  8.9607e-002  6.6484e-001  -2.3837e-002  1.1971e-001  4.3671e-001
  3.6454e-002  -1.0381e+000  1.9305e-001  9.2967e-002  7.5303e-001  -5.9483e-002
  -8.9104e-001  2.5948e-001  -7.8547e-001  6.1258e-002  5.3855e-002  -2.5304e-001
  4.8598e-001  -3.0325e-001  -1.2907e+000  -1.2232e-001  5.4361e-002  -6.2591e-001
  -6.9108e-001  7.0869e-001  -1.6587e-001  -9.6624e-002  7.8441e-001  -4.7519e-001
  -3.6753e-001  -9.4248e-002  -2.4141e-001  2.2329e-001  -1.0920e-001  1.1398e+000
  -3.1654e-001  -2.4920e-001  -1.3948e-001  -2.5672e-001  -6.1316e-002  -3.7359e-001
  -7.7671e-002  -7.3481e-001  -3.7984e-001  -1.4007e-001  5.4723e-002  -6.6201e-001
  4.9756e-001  8.1401e-001  8.9268e-001  -4.4225e-001  2.6166e-001  5.3692e-001
  9.2597e-001  4.9601e-001  6.3555e-001  1.9208e-001  -1.9021e-001  1.6714e-001
  -5.3211e-001  -2.8131e-001  7.5673e-002  1.6136e-002  -1.3435e-001  1.0670e-001
  7.1028e-001  -1.1515e+000  6.1299e-001  1.4832e-001  -9.1527e-001  -1.1978e-001
  7.7818e-002  -1.3340e+000  4.9111e-001  9.9590e-001  6.2030e-001  8.9650e-001
  8.5872e-002  -1.0812e+000  -1.1941e-001  -2.4857e-001  2.5345e-003  1.1213e+000
  1.5835e-001  4.1452e-001  -8.9752e-001  -1.4475e-001  3.9530e-001  -1.2401e+000
  -1.0022e-001  3.7802e-001  -5.5118e-001  9.1843e-002  -9.0999e-001  -5.5661e-001
  4.0610e-001  7.0088e-002  8.5474e-001  2.0494e-001  -3.3811e-001  5.9740e-002
  -2.0745e-001  -7.4177e-001  1.0177e+000  -5.4767e-001  -3.7629e-002  -2.0372e-001
  5.2047e-001  5.8929e-001  1.0755e-001  -3.1068e-001  5.2389e-002  1.3941e-001
  -1.4118e+000  1.6405e-002  -5.2446e-002  -1.2628e+000  -3.5734e-003  -8.1495e-001
  6.1791e-001  -3.1172e-001  -2.9934e-001  1.1265e+000  1.0044e+000  -7.0626e-001
  8.9170e-002  1.0750e+000  3.1588e-001  -3.6387e-001  -6.9802e-001  -2.5752e-002
  8.5644e-002  6.6496e-001  4.8496e-002  6.0746e-001  -4.1991e-001  -2.1147e-001
  4.3465e-001  4.0969e-001  -5.7706e-001  -2.9379e-001  -1.6649e-001  -1.1760e+000
  5.3936e-002  -4.6939e-001  -2.4825e-001  -5.3395e-001  8.7013e-001  7.2940e-001
  -1.4493e-001  -4.7294e-001  -6.0128e-001  -2.3827e-001  8.6774e-001  5.3705e-001
  -5.8113e-001  -2.5951e-001  7.2534e-001  5.3279e-001  9.8061e-001  4.1379e-001
  -1.3086e-001  9.0036e-002  4.7182e-001  -7.9460e-001  7.1135e-002  -2.7555e-001
  -2.0354e-001  -2.3205e-001  5.1059e-001  1.3542e-001  1.0363e-003  -7.0857e-001
  -5.9741e-002  -2.0625e-002  -1.3606e-001  -1.3887e+000  -6.1485e-001  -1.1226e+000
  9.0776e-001  -2.9723e-001  -4.5725e-001  1.7577e+000  -1.5217e+000  5.0348e-001
  -5.9682e-001  -6.7053e-001  -3.3442e-001  -3.6322e-001  -7.2406e-001  5.6625e-001
  5.8361e-002  7.4689e-001  -9.5334e-001  3.9029e-001  7.0144e-001  -8.2774e-001
  5.5510e-001  -4.7575e-001  -1.0835e+000  -2.0730e-001  5.5367e-001  2.8797e-001
  -3.8871e-001  2.4746e-001  -3.5204e-001  -2.8825e-001  -5.4242e-001  -7.2597e-001
  2.9394e-001  -4.6941e-001  6.8122e-002  -9.2080e-001  -8.4422e-001  -6.2613e-001
  -1.2336e-001  1.0522e-001  6.7882e-001  2.6578e-001  -7.9718e-001  -7.9721e-001
  -2.6730e-001  -6.0029e-001  5.8875e-002  1.2732e-001  -7.4380e-001  -1.7070e-001
  -3.9993e-001  8.0384e-002  -2.3798e-001  2.4821e-001  5.1913e-001  1.0588e+000
  -1.4186e-001  -9.8777e-001  1.1174e+000  4.0380e-001  -2.9391e-002  4.8769e-001
  -6.5888e-001  9.5769e-001  -2.8752e-001  3.0750e-001  -4.0777e-001  -1.0452e-001
  -2.3257e-001  -3.3110e-001  5.1634e-001  2.5403e-001  6.6016e-001  6.5935e-001
  -4.2220e-001  -2.5643e-001  1.2567e-001  -1.4491e-001  3.3593e-001  4.7074e-001
  -2.9992e-001  4.1947e-002  4.4410e-001  7.6101e-001  5.9143e-001  2.0590e-001
  7.8873e-001  -2.2620e-001  -2.6492e-001  -6.5027e-001  -2.3493e-001  -1.8553e-001
  -5.2261e-001  3.7469e-001  -4.1635e-001  -1.3230e+000  2.6262e-001  -6.8783e-002
  3.5328e-001  -6.7257e-001  -5.6722e-001  1.9029e-001  -1.0074e+000  -6.0096e-001
  -3.6846e-001  6.4165e-001  -3.1229e-001  2.6207e-001  -7.4939e-001  -1.0338e+000
  4.1670e-001  -5.8757e-001  -4.4356e-001  -2.9241e-001  2.3403e-002  -3.9079e-001
  -4.7063e-001  5.5365e-001  -5.9082e-001  5.7105e-001  -6.8358e-001  -2.1121e-001
  -1.1605e-001  -2.6209e-001  3.6840e-001  6.1262e-001  1.0365e+000  7.5874e-001
  9.3844e-002  5.0735e-002  1.1062e+000  -5.0084e-002  -2.3851e-001  8.4190e-001
  -2.4117e-001  9.0730e-002  4.7358e-001  -4.7149e-001  -6.7479e-001  -1.9283e-001
  -1.2077e+000  -1.0592e+000  1.2769e+000  2.0868e-001  -5.4222e-001  1.6225e+000
  -4.6507e-001  8.4159e-001  -9.5778e-001  -9.6584e-001  1.2061e-001  -2.0094e-001
  4.2740e-001  -4.8139e-001  1.2811e-001  4.3346e-001  -3.6765e-001  3.9729e-001
  -2.5248e-001  7.8605e-001  -5.5035e-001  -1.6378e-001  -4.3443e-001  -4.8865e-001
  -7.7945e-001  9.7751e-002  -5.7696e-001  1.7781e-001  3.2244e-001  -7.7076e-001
  6.9992e-001  -1.9513e-001  -8.0469e-001  -5.9253e-001  1.0271e+000  -1.0086e+000
  8.2299e-001  -7.2485e-002  2.1817e-001  8.2882e-001  1.5580e+000  -1.0151e+000
  5.1639e-001  -1.6960e-001  5.3988e-002  -6.7245e-001  -1.0249e+000  6.9306e-002
  -1.4196e-002  4.8295e-001  -6.9195e-001  -4.1293e-001  -6.0465e-001  2.3503e-001
  4.0995e-001  7.6797e-001  8.9211e-001  -2.3649e-001  5.8828e-001  -7.2929e-001
  4.7377e-001  5.1007e-001  1.2932e+000  7.2896e-003  4.0899e-001  -4.8750e-001
  2.4050e-001  7.5682e-002  3.4861e-002  4.2775e-001  -5.5998e-001  1.3809e-001
  7.9443e-002  -7.2732e-001  -6.7533e-001  5.5991e-001  -4.6062e-002  -2.2498e-002
  -4.9064e-001  1.8307e-001  1.3757e-001  3.5280e-001  3.6322e-001  5.9982e-002
  -2.1463e-001  -1.7338e-002  -9.7761e-001  -2.1546e-001  7.4270e-001  4.7053e-001
  -4.1673e-001  -1.3722e+000  -4.0811e-001  -8.5567e-001  -4.9446e-001  5.7796e-001
  -1.1012e+000  -3.8842e-001  -3.3485e-001  -2.3302e-001  -5.8037e-001  6.3562e-001
  5.5046e-001  -9.6393e-001  -1.1681e+000  -6.8503e-001  4.1399e-001  3.6030e-001
  4.4068e-002  5.5648e-001  -5.6451e-002  3.8635e-001  -5.6029e-001  -3.9801e-001
  5.5525e-001  -5.0767e-001  -5.4510e-001  -1.3025e-001  -1.1007e+000  6.0497e-001
  -1.1251e-001  -5.9067e-001  -6.4733e-001  1.5653e-001  -8.8603e-001  7.7479e-001
  -1.5697e-001  -3.4547e-001  -7.3861e-001  1.4214e-001  8.0604e-002  -3.0914e-001
  8.1672e-001  7.1149e-001  -8.5208e-001  -4.3590e-002  -3.8732e-001  2.9305e-001
  4.9335e-002  -4.5983e-001  5.9840e-001  -7.7111e-001  -2.6738e-001  -7.6690e-001
  -8.7292e-001  -1.7812e-001  -2.2963e-002  1.4734e-001  2.1247e-001  6.1532e-001
  -1.4400e-001  4.0103e-002  9.3292e-001  -2.0566e-001  1.1553e+000  -1.3521e+000
  -6.0847e-001  3.1883e-001  1.3519e+000  5.4593e-001  1.0202e+000  -6.4046e-001
  -2.1310e-001  -1.9625e-001  4.9740e-001  -2.8676e-001  -5.1729e-001  -1.3413e+000
  -1.7841e-001  7.5117e-001  -5.8843e-002  1.1046e-001  1.2341e+000  4.3084e-001
  -6.5589e-001  -4.5090e-001  -2.9056e-001  -1.9660e-001  8.6339e-001  -8.9047e-001
  -4.2139e-001  -4.3820e-002  -1.7797e-001  8.3593e-001  6.1642e-001  -6.1034e-001
  3.9736e-001  -3.2705e-001  -1.7301e-001  7.5033e-001  -1.7864e-001  -1.1986e-002
  -2.8789e-003  1.1235e+000  -5.6428e-001  4.9936e-001  -5.6398e-001  5.5371e-001
  -3.7934e-001  1.6380e-001  -7.1002e-001  -1.0734e+000  1.9758e-001  1.1942e-001
  3.3253e-001  -9.1235e-002  -1.6594e-001  2.8193e-001  -3.2659e-001  -6.4927e-001
  7.0884e-002  -3.1471e-001  -4.3109e-001  -6.3526e-001  1.1474e-002  3.8107e-001
  1.3248e-001  -3.5124e-001  4.9496e-001  3.1452e-001  -4.9477e-001  3.8761e-001
  -3.2605e-001  2.5033e-001  2.1759e-001  -2.7508e-001  -7.1652e-001  1.2550e-001
  6.9121e-001  -4.4074e-001  8.4748e-001  -2.1360e-001  -1.4654e-001  -2.7301e-001
  -1.5634e-001  5.5381e-001  -2.1174e-001  -1.0474e-001  4.9759e-001  1.1460e+000
  2.9095e-001  1.0857e+000  5.6354e-001  -3.7118e-001  2.0766e+000  1.0043e+000
  -4.6062e-001  -1.1986e+000  -4.5402e-001  7.7408e-001  -8.4535e-001  4.3668e-001
  3.8574e-001  -1.4669e+000  -9.9472e-001  1.4682e-001  4.9040e-001  -1.2677e+000
  -2.3196e-001  -8.1436e-001  -7.1700e-001  1.3001e-001  -1.3316e+000  1.2121e+000
  -5.5867e-001  -7.2091e-001  -1.0191e+000  -4.2780e-001  -1.9761e-001  6.2066e-001
  -1.8809e-001  1.1061e+000  6.0123e-001  4.8607e-001  -9.3461e-002  -7.7639e-002
  4.8041e-001  1.2225e-001  7.6134e-001  -9.7735e-001  1.7827e-001  -1.1241e+000
  -8.3075e-001  1.0378e+000  -2.9873e-001  -4.6015e-001  -1.0438e+000  -2.4683e-001
  1.7885e-001  -6.7219e-001  9.2844e-001  1.2774e-001  -4.9714e-001  -1.3828e+000
  4.8707e-001  -3.3342e-001  -1.2450e-001  7.8040e-001  -8.6956e-001  -9.5616e-001
  8.2483e-001  -5.0480e-001  1.2923e+000  8.0511e-002  1.2359e-001  -3.8169e-001
  -1.1117e+000  9.9836e-001  -1.2079e+000  -8.8485e-001  -1.4415e-001  1.9474e-001
  -1.6848e-001  4.8803e-001  -4.1439e-001  -8.2460e-001  5.0785e-002  8.8762e-001
  -8.0390e-001  -3.4565e-001  -3.5221e-001  7.6532e-002  5.1421e-002  -5.5322e-001
  -1.5189e+000  -1.3164e+000  1.1462e+000  -3.3527e-001  8.7207e-001  2.5330e-001
  -4.7263e-001  -8.3087e-002  -5.6309e-001  -5.0523e-001  -8.9803e-001  -4.0367e-001
  4.3355e-001  6.7769e-002  3.9184e-001  -3.1588e-001  4.3220e-001  3.1199e-001
  -2.1694e-001  -4.8791e-001  -8.4963e-001  5.9488e-001  1.2016e-002  4.5039e-001
  4.2616e-001  7.8389e-002  5.8421e-001  -1.7084e-001  3.3761e-003  9.3735e-002
  -5.2621e-001  7.3111e-001  1.7520e-001  -1.3706e-001  -3.8744e-001  6.9640e-001
  -3.1413e-001  -2.1687e-001  -4.1049e-001  -2.3296e-001  2.8524e-001  5.9877e-001
  6.0886e-001  -4.3333e-001  2.4932e-001  -7.7280e-002  -5.0353e-001  5.6235e-001
  -4.6186e-001  -5.9283e-001  -1.6547e-001  7.3506e-001  -7.6261e-001  -5.2866e-001
  2.5856e-001  2.5022e-001  4.5791e-002  7.0401e-001  -7.1435e-001  -3.8316e-001
  5.5887e-001  -4.1572e-001  -2.7681e-001  -2.1675e-001  4.7665e-001  -5.7030e-001
  -2.3508e-001  1.4563e-001  4.2760e-003  -6.0086e-001  8.2465e-001  -9.1694e-001
  -5.1887e-001  2.7369e-001  1.8504e-001  -7.0520e-001  1.3830e+000  -8.2522e-001
  -4.5448e-001  4.1075e-001  -6.0547e-001  4.1038e-001  -1.5218e+000  8.8639e-001
  4.2981e-001  -2.0333e-001  4.1807e-001  -4.3094e-001  -1.8253e-001  -3.9335e-002
  2.3534e-001  4.4770e-001  1.3280e-001  -4.6783e-002  4.8251e-001  -6.7917e-001
  -6.2265e-001  5.2643e-001  -3.1278e-001  -9.4748e-002  1.6445e+000  -7.9900e-001
  -8.8274e-001  -8.7141e-001  -1.8699e-001  7.3675e-003  -4.7635e-001  8.3301e-001
  -8.5965e-001  -2.6651e-001  -3.8644e-001  5.0578e-001  -9.4839e-001  1.2218e-001
  5.7579e-001  8.5121e-001  -3.3696e-001  2.9769e-001  -2.8426e-001  1.5788e-001
  5.1781e-001  1.9702e-001  8.5180e-001  2.2835e-001  3.7486e-001  1.1200e+000
  5.8835e-002  7.3458e-001  2.1196e-001  -5.6273e-001  -2.8665e-001  -5.5721e-001
  -5.2029e-001  -8.7158e-001  1.5874e-001  -1.0604e+000  -5.0880e-001  2.7582e-001
  7.2172e-002  6.5986e-001  5.8690e-001  3.0006e-001  2.2964e-001  -5.7995e-001
  1.0948e+000  -9.1224e-001  -3.2618e-001  4.9606e-001  -2.1117e-001  2.6011e-001
  6.5992e-002  -8.3265e-001  -4.9005e-001  -6.1977e-001  3.1042e-001  3.6759e-001
  -3.3326e-001  -8.9647e-001  -1.8135e+000  -1.9810e-001  6.0627e-001  -3.4689e-002
  1.1384e-001  -2.3878e-001  -1.1662e-001  -2.1017e-001  7.4493e-001  -6.6164e-001
  -3.7664e-002  4.6795e-002  -8.4466e-002  -5.6839e-001  8.3009e-001  -1.0298e+000
  -3.7946e-002  -6.3969e-002  9.6949e-001  2.6203e-001  4.6071e-001  3.7311e-001
  -7.3029e-001  6.1245e-001  -1.9751e-001  1.8122e-001  -6.2872e-001  2.3903e-001
  1.3276e-001  4.6828e-001  1.1004e-001  1.1721e+000  -6.8680e-001  -2.7306e-001
  8.7863e-001  5.8596e-001  3.8621e-001  5.0159e-001  -7.0945e-001  -4.1165e-001
  2.8360e-001  1.1130e+000  3.4421e-001  -3.3154e-001  1.2090e-001  6.5926e-001
  -1.0696e+000  -7.1690e-001  6.1963e-001  -2.6146e-001  -4.9235e-001  1.0431e-001
  9.4212e-001  9.9288e-002  -1.1635e+000  4.3259e-001  1.6413e-001  -5.0055e-001
  6.3356e-001  -2.0500e-001  2.8023e-001  1.0073e-001  5.9724e-001  -1.9810e+000
  -1.0069e+000  -3.8755e-001  -8.6165e-002  -3.2492e-001  7.1076e-001  8.8167e-001
  -1.0626e+000  -2.4736e-001  1.0476e+000  -3.3046e-001  2.6979e-001  1.1148e+000
  2.7833e-001  3.3637e-001  6.7064e-002  -4.3560e-001  -4.1143e-001  6.3087e-001
  2.8526e-001  6.4060e-001  4.5484e-001  -6.0813e-001  -4.9546e-001  -1.4734e-001
  2.1423e-001  6.3748e-002  -9.9300e-001  1.9229e-001  -8.4033e-001  1.5892e-001
  3.1547e-001  -9.2196e-001  -7.4712e-001  6.5200e-001  -1.2346e-001  6.6643e-001
  -3.6761e-001  5.8862e-001  2.8036e-001  -1.9429e-001  -2.1500e-001  -3.6916e-003
  -7.3597e-001  6.6380e-001  3.7667e-001  -2.3508e-001  -5.4324e-001  -8.2045e-001
  3.0839e-001  -5.4699e-001  3.3778e-002  5.9170e-001  4.3344e-001  5.6640e-002
  7.9015e-001  -1.0262e+000  8.5815e-001  9.3436e-002  -8.3794e-001  -5.6247e-001
  -1.1230e+000  1.2577e+000  -1.0462e+000  3.9709e-001  1.2190e+000  -5.2549e-001
  -1.0590e+000  1.1763e+000  -1.0407e+000  -8.3722e-003  5.9723e-001  -6.2211e-001
  -3.4517e-001  -7.5262e-001  -4.7551e-001  1.0015e-002  5.2397e-001  -4.6288e-001
  5.7911e-001  -6.7002e-001  -5.6121e-001  1.4004e-001  -6.9874e-001  -3.8676e-002
  3.9361e-001  -4.3583e-001  7.1499e-001  -1.1242e+000  1.0852e-001  8.2441e-001
  1.9065e-001  -4.8678e-002  6.6578e-001  -1.0327e+000  -8.5885e-001  2.9947e-001
  1.2253e-001  3.6312e-001  -2.8449e-001  -5.0575e-001  3.1732e-001  9.5338e-001
  1.9031e-001  -4.8687e-001  4.7276e-001  2.3030e-001  -8.1390e-001  2.4725e-001
  3.5724e-001  -7.4126e-001  7.4397e-001  2.8395e-001  1.9125e-001  2.4333e-001
  4.4963e-001  -8.6515e-002  7.5403e-001  5.5322e-001  8.2208e-002  1.3551e-001
  5.0904e-001  4.5952e-001  -3.3807e-001  -1.2673e-001  3.0324e-001  -7.4209e-001
  1.3546e-001  9.3138e-001  -9.6715e-001  6.9647e-001  6.0716e-001  -3.9651e-001
  3.0001e-001  2.1158e-001  7.7159e-002  -8.7604e-002  4.2665e-001  2.4486e-001
  -4.6986e-001  -2.1519e-001  6.5234e-001  7.4019e-001  4.0162e-001  -8.4270e-002
  8.2165e-002  -3.8518e-001  -5.2769e-002  -2.9373e-001  -8.7242e-001  -5.7910e-001
  -1.2490e+000  9.2809e-001  -6.0424e-001  -1.2679e+000  -6.4463e-001  -3.0761e-001
  -3.1286e-001  -2.1150e-001  6.1598e-002  -3.1486e-001  1.7354e-001  1.8241e-001
  -4.0609e-001  -7.0058e-001  -3.1472e-001  -9.6321e-001  -5.7017e-002  3.3188e-001
  -5.1165e-001  -3.4381e-001  -7.3199e-001  1.9406e-001  -1.9312e-002  4.3617e-001
  4.4113e-001  6.2286e-001  -8.8218e-001  7.3793e-001  1.3224e+000  -8.9750e-001
  3.2350e-001  -3.7059e-001  -2.5656e-001  -4.2516e-001  1.1796e-001  5.6826e-002
  1.7230e+000  -5.1368e-001  -2.7865e-001  -1.0089e-001  6.2567e-002  1.3901e-001
  -7.2929e-001  -7.2710e-001  -1.7163e-001  -3.9373e-001  -4.4899e-001  3.6389e-001
  -2.5068e-001  7.6684e-001  -6.3648e-003  -5.0952e-002  9.0149e-001  1.0259e-001
  -9.2243e-002  -8.0263e-001  1.0645e-001  -2.8495e-001  -8.7019e-001  3.0772e-001
  -8.1397e-001  1.0208e+000  8.2493e-001  5.4244e-001  -1.1950e-001  -3.4061e-001
  -7.9523e-001  -3.9509e-001  3.7502e-002  -9.5024e-001  3.2307e-001  -3.5337e-001
  8.5846e-002  4.6349e-001  8.4303e-001  -6.1691e-002  -9.6362e-001  4.2833e-002
  6.9093e-002  -2.1511e-001  8.7940e-001  6.6732e-001  2.1779e-001  6.5480e-001
  -5.1429e-001  9.0561e-001  4.4647e-001  2.5058e-001  6.9996e-001  1.1579e+000
  8.6785e-001  -5.0580e-001  -7.6648e-001  -6.7190e-002  -7.5455e-001  -7.8269e-001
  -8.7272e-001  -1.0661e+000  -1.2863e+000  -3.6253e-001  -5.7246e-001  -4.9728e-001
  1.0637e-001  -7.4221e-001  9.7747e-001  -1.1756e+000  -9.5351e-002  -1.5587e-001
  -3.3496e-001  1.1193e+000  -5.5943e-001  -5.6083e-001  -7.8494e-001  6.7853e-003
  1.0935e+000  1.8336e-001  5.3888e-001  -1.1407e-001  6.7956e-001  3.7448e-002
  2.9398e-001  4.1213e-002  7.1070e-001  1.2835e-001  -1.4890e-001  -7.6898e-001
  -2.0119e-001  2.0611e-001  -5.1560e-002  1.5181e-001  1.9889e-001  4.8800e-001
  -1.1015e-001  2.4155e-002  -6.5513e-001  5.7845e-001  -4.6918e-001  -1.0584e-001
  2.7374e-002  3.0271e-001  8.2404e-002  1.0099e+000  -2.9386e-001  -1.1090e+000
  -1.4000e-001  -8.7454e-001  7.1238e-001  -9.2818e-002  3.3975e-002  -3.8659e-001
  -3.3555e-002  7.0089e-001  -1.0615e+000  -3.3918e-001  -6.1153e-001  -1.0800e-001
  4.9148e-001  4.0562e-001  2.9583e-001  1.8695e-001  1.8904e-001  2.4865e-002
  -9.8859e-001  -2.9504e-003  -1.1058e+000  -2.6087e-001  -2.4521e-002  2.4544e-001
  2.6301e-001  -1.4288e-003  6.4927e-001  -1.0952e-001  -6.6645e-001  -4.2618e-001
  -7.5175e-001  -1.5821e-001  -8.7803e-001  -2.6905e-001  2.2784e-001  -2.4690e-001
  -2.6029e-001  -7.4988e-001  9.0812e-001  -1.0878e+000  -4.8686e-001  6.2903e-001
  1.9345e-001  4.9752e-001  -3.7296e-001  -3.2294e-001  3.8511e-001  -3.9792e-001
  2.5636e-001  3.8847e-002  5.7263e-001  1.6302e-001  -2.6129e-002  8.0271e-001
  -7.3398e-001  -6.4861e-001  3.7969e-001  -7.0602e-002  -7.1979e-001  -5.7808e-001
  -1.1116e+000  -3.1573e-001  8.7824e-001  1.0766e+000  -9.4052e-001  -9.5957e-001
  8.6353e-001  3.0571e-001  -2.0482e-001  -1.1577e+000  5.7532e-001  1.0645e-001
  7.5737e-001  1.0125e+000  6.8699e-001  -4.2724e-001  7.9786e-001  -6.0866e-001
  3.8147e-001  -3.1172e-001  -4.5156e-001  5.7972e-001  -5.4135e-001  6.2837e-001
  -7.9850e-003  -2.4743e-001  2.6067e-001  1.8300e-001  -7.8750e-002  2.9739e-001
  1.5464e-001  -9.0290e-001  -8.5675e-001  -1.5983e-001  1.1903e+000  8.6538e-001
  -2.4973e-001  1.2345e+000  -6.8164e-001  2.3863e-002  1.9970e-001  2.6078e-001
  -1.9390e-001  -1.7776e-001  -1.1880e+000  -4.5089e-002  -6.5800e-001  2.6389e-001
  5.0154e-002  -1.1959e-001  -4.7998e-001  2.6013e-001  -3.9354e-001  -2.7553e-001
  8.3410e-001  5.5243e-001  -4.8315e-001  5.2106e-001  -1.1517e-001  2.3904e-001
  3.1374e-001  5.2824e-002  9.5119e-001  -1.1334e+000  2.7775e-001  4.8628e-001
  -1.1502e+000  -5.3703e-001  -4.8629e-001  8.0957e-002  -1.9957e-001  -1.3636e+000
  -5.7262e-001  -1.4119e-001  -3.2193e-001  -4.9391e-001  -8.8374e-001  -4.1413e-001
  -1.7302e-002  -7.9290e-001  -2.8995e-002  2.7223e-001  -6.3253e-001  4.7930e-001
  -1.8691e-001  1.0080e-001  -2.5480e-001  1.1079e-001  8.4674e-001  1.3687e-001
  4.8597e-001  -9.7390e-001  1.3051e-001  3.7755e-001  -3.1829e-001  5.9000e-001
  -4.7303e-001  9.9538e-001  -4.8722e-001  4.2036e-001  -3.3279e-002  1.8408e-001
  9.6304e-001  3.5140e-001  1.3253e-001  -1.4665e-001  -1.8903e-001  -2.4503e-001
  -5.4397e-001  4.0763e-001  -6.3859e-001  1.5032e-001  8.7252e-001  -9.6140e-001
  7.8104e-001  -1.3054e+000  7.4904e-001  -6.5962e-002  1.9084e-001  8.3610e-001
  2.1149e-001  -4.8410e-002  4.2325e-002  -4.9949e-001  -4.1308e-001  8.8100e-001
  9.7830e-001  4.8921e-001  3.4506e-001  -5.9787e-001  -2.4443e-001  -5.2321e-001
  2.2080e-001  -2.4191e-001  -7.6285e-001  -2.5197e-001  2.8053e-001  -4.8407e-001
  -4.8887e-001  -4.3294e-001  2.3800e-001  6.1480e-001  9.5833e-001  -8.9668e-001
  7.8027e-001  6.9795e-002  -3.5307e-001  6.2324e-001  -7.2757e-001  -3.0562e-001
  -8.6138e-002  3.7919e-001  -5.1198e-001  4.3262e-001  6.3559e-001  -2.2251e-001
  -1.3331e+000  -7.0504e-001  5.6386e-001  -6.9887e-001  3.2113e-001  4.0668e-001
  5.0460e-002  3.6385e-001  -4.3389e-001  2.6027e-001  4.2466e-001  -7.8263e-001
  -8.7413e-001  7.1213e-001  6.4470e-002  6.7613e-001  -1.6082e+000  -2.4818e-001
  8.3218e-001  -6.4662e-001  -3.5829e-001  -3.3968e-001  -9.3140e-002  -3.9830e-001
  -7.7652e-001  5.5454e-001  -6.6007e-001  -3.0884e-001  -1.6587e+000  -6.9735e-001
  -3.0208e-002  -2.9936e-002  -1.9191e-001  7.4293e-001  -4.9756e-001  -2.4901e-001
  -3.0631e-001  -5.4385e-001  2.2654e-001  -1.9002e-001  -1.0063e+000  -9.8990e-001
  -7.0401e-001  -3.4120e-001  4.2153e-001  1.7131e+000  5.3884e-001  -7.5824e-001
  -7.1630e-001  -7.7654e-001  5.1810e-001  -9.3862e-001  4.5045e-001  -6.1980e-001
  3.0426e-001  2.0041e-001  -8.6033e-002  7.4930e-001  9.8327e-001  1.7287e-001
  -2.1984e-001  1.7334e-001  2.1722e-001  -2.4323e-001  9.2255e-001  1.0919e+000
  -3.0370e-001  4.4449e-001  8.6839e-002  -2.6853e-001  3.7686e-001  8.8724e-002
  3.2611e-001  1.1258e-001  -4.2699e-004  -1.1823e+000  6.7104e-001  1.1505e+000
  5.4140e-001  3.4260e-001  -4.7518e-002  1.4433e-002  2.7203e-001  -2.1366e-001
  1.8440e-001  -5.4650e-002  -3.7212e-001  9.0032e-002  5.3309e-001  5.6166e-001
  4.1590e-001  -7.2474e-002  6.0329e-001  -2.1189e+000  -7.1661e-001  -3.4266e-001
  3.8217e-001  7.2700e-001  7.7235e-001  -1.2603e+000  3.3131e-002  -9.3456e-002
  -5.3775e-001  2.4393e-001  3.3928e-001  1.0177e+000  -1.4159e-001  1.8442e-001
  -1.1646e-001  -3.9778e-001  -2.3521e-001  1.6658e-001  -3.4923e-001  -1.5465e-002
  3.0139e-001  -5.4750e-001  3.3596e-001  1.3548e+000  -4.1634e-002  -6.3522e-003
  -5.0859e-001  -3.1907e-001  -5.6130e-001  2.1518e-001  -6.4168e-001  -1.7255e-001
  -7.8053e-001  -9.5976e-002  7.5110e-002  8.0363e-001  1.0523e-001  -1.9388e-001
  -3.5764e-001  2.0356e-001  -3.8315e-001  6.5157e-001  4.2713e-001  3.3923e-001
  4.6405e-001  1.9635e-001  1.7177e-002  -7.6911e-001  5.6555e-002  -1.0552e+000
  9.5953e-001  4.1464e-001  4.3046e-001  -1.0128e+000  -5.6835e-001  -7.5496e-001
  -6.1306e-001  -1.0956e+000  -5.5048e-001  1.7429e-001  1.4556e-001  -2.5694e-003
  -4.3786e-001  -1.0115e-001  4.3733e-002  5.4028e-001  -5.8352e-001  4.9060e-002
  3.5878e-001  -7.1937e-001  2.7190e-001  -2.4664e-002  -5.9910e-001  1.5594e-001
  1.1116e+000  -5.9073e-002  6.9845e-001  8.2666e-001  -6.7388e-001  6.4762e-001
  -1.1701e-001  5.5642e-001  -7.5705e-001  -2.8944e-001  9.1736e-001  2.8211e-001
  -1.1306e+000  -2.2909e-001  -5.5920e-001  2.4637e-001  5.4405e-002  1.4444e+000
  7.5867e-001  1.1850e+000  5.4381e-001  -1.0603e-001  1.8693e-001  5.7533e-001
  -2.3639e-001  2.4042e-001  -3.8438e-002  8.3841e-001  -5.9182e-003  -7.9179e-001
  -2.2198e-001  2.7463e-001  8.8347e-001  -5.6345e-001  -2.7238e-001  -8.3820e-001
  6.0959e-001  6.3612e-002  -7.5167e-001  -4.2805e-001  -3.8197e-002  -3.5719e-001
  -1.7994e-001  -2.9149e-001  -2.9411e-001  2.7014e-001  -2.0361e-001  9.4403e-001
  -8.4054e-001  -1.0437e+000  -1.4554e+000  -2.0318e-001  -1.7695e-001  1.1396e+000
  2.4828e-001  -5.2580e-001  1.1238e+000  1.2573e+000  -4.9967e-002  -1.1355e+000
  2.6022e-001  -2.3832e-001  -8.7377e-001  8.6473e-001  -2.9134e-001  2.2195e-003
  5.2826e-001  4.3112e-001  1.1912e-001  1.5089e-001  3.0317e-001  6.9152e-002
  -7.0945e-001  7.6541e-002  2.5733e-001  1.1820e-001  9.9633e-001  -2.3369e-001
  -2.8945e-001  1.4328e+000  -4.0874e-001  -5.3119e-001  -1.3765e+000  7.6332e-002
  -2.6178e-001  -7.6622e-001  5.5096e-001  -7.3407e-001  -1.1075e-002  1.1278e-001
  -4.9401e-001  -7.3886e-001  -7.1756e-001  -6.6453e-002  -1.3717e+000  1.4886e-001
  9.5400e-001  -2.3171e-001  -1.1896e+000  1.0513e-001  9.5857e-002  6.3903e-001
  6.8832e-001  -4.8523e-001  -1.7773e-001  -2.2056e-001  1.4821e-001  2.3767e-001
  4.2746e-001  -5.6455e-001  3.6287e-001  -3.9019e-002  6.5354e-001  -8.1117e-001
  -1.5383e+000  2.8269e-001  6.8384e-001  -1.9788e-001  -9.8828e-001  -9.0548e-001
  3.3521e-001  8.7837e-002  1.0217e-001  1.8479e-001  -1.0960e-001  -1.9218e-001
  -1.2051e+000  2.0204e-001  2.4156e-001  8.7815e-002  -2.0707e-001  4.7509e-001
  1.5992e-001  6.4132e-001  9.2547e-001  8.9580e-002  1.4658e-001  3.0047e-001
  -2.3972e-001  -8.1025e-001  -9.7128e-002  -3.0746e-002  1.3132e-001  1.3437e-001
  3.3468e-001  6.1454e-001  3.9430e-001  -2.9883e-001  8.2722e-001  -2.3961e-001
  -3.5752e-001  -5.4420e-001  -9.7365e-001  9.3514e-002  -8.8681e-001  6.3701e-001
  2.2848e-001  -1.7050e+000  -6.9046e-001  -6.3909e-001  9.2893e-002  2.3232e-001
  -2.0899e-002  1.3866e+000  6.1617e-001  1.0154e+000  7.4414e-001  -2.8131e-001
  -1.8545e-001  1.1853e+000  7.7411e-001  7.4591e-001  -1.6261e-001  -5.9438e-001
  7.3048e-001  -1.3095e-001  -4.7326e-001  -9.3193e-003  -3.5417e-001  -7.7183e-001
  -2.5674e-001  2.8496e-001  -7.2434e-001  -5.0198e-001  2.5166e-001  -8.3582e-001
  -4.6050e-001  2.3032e-001  4.0848e-001  -5.2877e-001  -2.8802e-001  4.0531e-001
  -5.6840e-001  -2.5661e-001  7.5631e-001  6.7579e-001  -4.6210e-002  -3.1206e-002
  -1.9169e-003  8.2316e-001  7.6475e-001  -5.2902e-001  3.6247e-001  3.9501e-001
  2.9028e-001  -1.1529e+000  -5.9190e-001  -7.3045e-001  1.9140e-001  3.3387e-001
  -7.4134e-001  -2.3372e-001  -2.6065e-001  -8.0227e-001  -2.6900e-001  9.5888e-001
  -1.3394e-001  5.0491e-001  -2.6753e-001  -2.8858e-001  2.3614e-003  5.2146e-001
  1.5992e-001  -4.6829e-001  2.3481e-001  -9.4683e-001  5.0271e-001  2.6251e-002
  -6.3691e-001  7.5369e-002  1.6630e-001  9.0555e-002  -1.3097e-002  2.3644e-001
  5.4007e-001  7.2424e-002  -9.7346e-002  -3.6546e-001  -3.2694e-001  -6.2164e-001
  -6.1134e-001  3.7882e-001  2.3175e-001  3.3671e-001  4.9168e-001  3.8830e-001
  -2.3050e-001  -6.1264e-001  3.0540e-001  7.4616e-001  -5.5380e-001  -5.7795e-001
  1.5322e-001  1.4341e-001  4.6719e-001  1.1203e+000  -1.9062e-001  -9.6848e-001
  -6.3781e-001  -1.2949e+000  -1.3286e-001  3.0659e-001  2.3590e-001  1.2821e+000
  6.7736e-001  4.6977e-001  -2.6948e-001  -7.3161e-001  -9.5759e-002  -7.0367e-001
  9.2112e-001  1.1038e+000  -2.9283e-001  -4.2138e-001  6.4281e-001  -1.6680e+000
  6.2334e-001  2.0474e-001  3.9304e-001  6.1915e-002  -1.2519e-001  -9.0160e-001
  1.0236e-001  -4.6113e-001  -3.0458e-001  -4.3676e-002  -1.4489e-001  1.8785e-003
  7.1427e-001  -8.9711e-001  8.0852e-001  8.9381e-002  -7.6513e-001  2.5308e-001
  -2.2288e-001  1.1623e-001  1.3868e-001  -7.0690e-002  4.0979e-001  8.6540e-001
  3.5967e-001  -1.1533e-001  2.5689e-001  5.5774e-001  1.0785e+000  4.8642e-001
  -6.8325e-001  9.6243e-001  -2.6515e-003  3.3251e-001  -8.0295e-001  7.5647e-001
  -4.3312e-001  -1.8204e-001  -3.6903e-001  1.0745e+000  -4.4192e-001  -4.9990e-001
  -8.4398e-001  -1.2540e-001  7.1843e-001  -2.9876e-002  6.3176e-001  -7.1717e-002
  -8.7404e-001  -2.0270e-001  -6.1076e-001  -8.0060e-001  6.6191e-001  7.1795e-001
  7.4619e-001  1.9467e-001  4.9370e-001  4.4779e-001  -4.2224e-001  1.6340e-001
  9.5212e-001  6.0057e-001  3.5675e-001  4.3164e-001  -9.0230e-001  -4.9289e-001
  3.2148e-001  -5.2402e-001  4.0773e-001  5.1830e-001  6.1999e-001  -1.1675e-002
  8.2571e-001  8.3668e-001  6.7233e-001  -6.6278e-001  3.1831e-001  4.7336e-001
  -8.8385e-001  -5.1047e-001  5.2138e-001  2.2343e-001  2.1973e-002  1.0966e-001
  -9.8390e-001  3.3037e-001  1.8785e-001  -5.8192e-001  -7.6555e-001  3.9569e-001
  -3.1920e-001  2.0201e-001  -3.8073e-001  5.0397e-001  -2.9354e-001  3.5475e-002
  -9.0065e-002  -7.6877e-001  -1.3680e+000  1.5463e-001  -6.9245e-001  -1.1553e-001
  -1.4851e+000  -2.8429e-001  1.3624e-001  -6.7596e-001  6.9658e-001  1.6969e-001
  -5.3620e-001  1.7692e-001  -3.8736e-001  -8.9161e-002  1.0246e+000  -1.0801e+000
  -1.5639e+000  2.8478e-001  1.2044e+000  5.4718e-001  1.0587e+000  3.3830e-002
  -2.7573e-001  1.5996e+000  1.0986e+000  1.9903e-001  4.8829e-001  -1.1111e+000
  8.3234e-001  -4.8839e-001  1.9672e-001  2.2063e-001  -9.3264e-001  6.1798e-002
  5.6626e-001  1.0044e-001  3.2932e-001  -1.0899e-001  -1.7853e+000  -6.5333e-002
  -3.0511e-001  -9.2207e-001  4.5431e-001  1.0385e+000  -7.5015e-001  1.8162e-001
  1.0153e+000  -6.5795e-001  -6.5035e-001  2.3699e-001  1.2570e-001  6.0473e-001
  -5.6114e-001  -2.1158e-001  -9.2871e-001  5.3671e-001  3.3833e-001  6.8555e-001
  -3.2293e-001  -1.5846e+000  -1.2137e+000  -1.0502e+000  4.6459e-001  2.3472e-001
  6.2329e-001  8.0584e-001  -4.6122e-001  -2.1167e-001  -7.7403e-001  -5.1986e-002
  1.7701e-001  5.7403e-001  -7.1910e-001  -1.1070e+000  1.1194e-001  8.3480e-002
  3.7600e-001  1.3224e-001  8.3264e-001  8.2008e-001  -1.3293e-002  4.9452e-001
  -3.8492e-001  4.8951e-001  1.2517e+000  6.8471e-001  -8.3007e-001  -8.7455e-001
  4.7232e-001  4.8755e-001  -2.3702e-001  1.1305e-001  -5.9393e-002  1.0739e+000
  1.4982e-001  3.2417e-001  -8.6445e-001  4.6141e-002  -4.2920e-003  2.8095e-001
  -7.0377e-001  1.2910e-001  1.8881e-001  -5.8175e-002  4.3689e-001  -1.4028e-001
  -1.4921e-001  -1.1666e-001  8.8969e-001  -5.9842e-001  -3.3323e-001  -2.9612e-001
  2.3480e-001  -2.2127e-001  -4.0910e-001  -3.0274e-001  -1.8120e-001  1.0094e+000
  -1.0979e-001  -1.6554e+000  -1.2357e+000  -3.4494e-001  -4.4553e-001  -7.9322e-001
  -3.8382e-001  2.5741e-001  3.4555e-001  -6.1581e-001  1.1087e+000  -2.5282e-001
  5.2525e-001  3.4767e-001  -5.0646e-001  -8.6778e-001  -1.8110e-002  -4.3153e-001
  3.5636e-001  9.4754e-001  -2.1637e-001  2.4333e-001  -2.1835e-001  -1.0021e+000
  4.8353e-001  8.9121e-001  -4.3848e-001  -7.6168e-001  -9.3977e-001  -1.5513e+000
  -3.0281e-001  -1.0929e+000  -7.0339e-002  1.8132e-001  1.0647e+000  8.5620e-001
  -6.0671e-001  -7.4304e-001  3.7714e-002  7.1330e-001  -5.6640e-002  2.6647e-001
  -1.2546e-001  7.0426e-001  -1.9063e-001  2.1627e-001  7.8439e-001  6.5881e-001
  3.2610e-001  4.0794e-001  1.1222e-001  -1.6852e-001  -1.0989e+000  5.9003e-001
  -2.1190e-001  4.6376e-001  3.6010e-001  -1.9138e-001  5.5645e-001  6.9060e-001
  2.0534e-001  -1.7769e-001  -4.4874e-002  6.7616e-002  -3.9813e-001  8.2521e-001
  -7.4750e-002  -6.7925e-001  3.0873e-002  -3.2581e-001  2.1341e-001  -8.1427e-001
  -4.4632e-001  -2.7582e-001  -1.4859e-003  7.1147e-002  -6.8734e-001  -5.4937e-002
  -2.9681e-001  -3.6326e-001  -3.3681e-001  4.9073e-001  -5.3586e-001  -6.5698e-001
  6.2550e-001  -1.3915e+000  7.2008e-001  1.2561e+000  -3.4851e-002  -2.2895e-001
  -1.6556e+000  4.8642e-001  2.7584e-001  -1.0639e+000  7.0375e-001  -1.4077e-001
  -6.9802e-001  2.1889e-001  -3.6942e-001  -1.0347e+000  8.9629e-001  -7.7923e-001
  4.4283e-002  5.9786e-001  -4.4881e-001  6.9903e-002  -7.0735e-001  3.6507e-001
  9.3532e-001  3.1536e-002  -8.9038e-002  -5.7946e-001  7.8744e-001  2.4740e-001
  2.7119e-001  2.9464e-001  -3.9460e-001  9.7029e-001  -4.2135e-001  2.6785e-001
  9.4575e-001  4.7968e-001  6.6088e-001  6.9056e-001  1.4368e+000  9.2714e-001
  -3.2914e-001  -1.7581e-001  1.3936e-001  3.1276e-002  -9.8104e-001  3.7198e-001
  9.6939e-001  -2.3292e-001  -8.3185e-001  -1.2430e+000  -3.1246e-001  -6.2993e-002
  3.7138e-001  -1.0213e+000  -9.0790e-001  -1.0154e-001  -1.6702e+000  -8.2656e-001
  9.5786e-001  -1.6331e+000  1.0862e-001  -2.9261e-001  -2.3849e-001  3.1534e-001
  -4.9124e-001  5.6544e-002  1.6019e-001  6.1056e-001  -5.1591e-002  -4.1868e-002
  -8.2771e-001  9.6239e-001  8.0027e-001  -1.8226e-002  3.7084e-001  2.9562e-002
  6.1527e-001  7.9328e-001  2.4312e-001  1.9287e-001  -4.9712e-001  -1.9113e-001
  -1.6311e-002  -4.0939e-001  3.4014e-001  4.7206e-001  -3.8953e-001  8.2075e-001
  1.0206e-001  5.9351e-001  -2.2351e-001  3.1899e-001  1.6428e-001  -4.1457e-001
  5.1162e-001  8.5346e-001  4.9008e-001  -1.2323e-002  6.8479e-001  5.0475e-001
  -8.9666e-001  9.9413e-002  -1.5187e-002  -7.5770e-002  2.3068e-001  4.0950e-002
  -8.5867e-001  -1.0718e-002  -5.3242e-001  -9.4483e-001  1.1809e-001  2.0224e-001
  -4.0433e-001  7.3416e-001  -3.6891e-001  -1.4863e-001  -8.7568e-002  2.7773e-001
  -9.5515e-001  -1.2264e+000  6.9893e-001  -6.8797e-001  -4.1325e-001  3.2080e-001
  -3.7918e-001  1.4003e+000  -1.0607e-002  2.4210e-002  4.5473e-002  1.5007e-001
  2.3787e-001  1.2697e-001  5.9015e-001  -4.5678e-001  -4.4733e-001  -4.3477e-001
  -1.0811e-001  6.8768e-001  -1.7183e-001  1.2946e+000  4.5358e-001  -1.7748e-001
  -6.3006e-001  6.4536e-002  -5.2679e-001  -4.4931e-001  3.1041e-001  -1.9338e-001
  -1.9576e-001  -7.0197e-001  -6.9176e-001  2.2441e-002  1.7242e-001  -1.5969e-002
  3.3113e-001  -8.8998e-001  3.7962e-002  2.4766e-001  5.4636e-001  -4.1476e-001
  5.2128e-001  1.3148e+000  -4.7337e-001  5.5073e-001  -8.4220e-001  -3.1392e-001
  5.6314e-001  -9.9489e-001  -3.9166e-001  -2.2840e-001  -4.8379e-001  -8.6925e-002
  1.2326e-001  -2.5100e-001  -9.6157e-002  -4.0010e-001  -1.1653e+000  6.1594e-001
  3.2870e-002  5.3328e-001  3.3342e-001  -5.1340e-001  -1.3824e+000  1.7378e-001
  -6.8910e-001  -2.1854e-001  2.1217e-001  7.1387e-001  -6.8190e-002  -2.3165e-001
  -1.1811e-001  -2.6354e-001  -1.4713e+000  2.3742e-001  2.7866e-001  -1.1893e+000
  -2.9403e-001  2.1805e-001  3.7907e-001  -1.4656e+000  1.7655e-001  1.1069e-001
  6.3778e-003  -9.1723e-001  1.4182e-001  -6.6067e-001  4.6402e-001  -5.6701e-002
  7.9245e-001  -7.3805e-001  7.8228e-001  1.9283e-003  3.7488e-001  4.7436e-001
  1.1543e+000  5.8013e-001  7.4477e-001  7.0850e-001  -1.3780e-001  8.0216e-001
  -3.8307e-001  -6.9429e-001  -1.4579e-001  -5.8018e-001  -5.2960e-001  -3.7752e-001
  -1.9837e-001  -4.4459e-002  -8.5471e-001  2.0509e-001  1.3197e+000  -5.8086e-001
  2.6083e-001  6.6448e-001  -3.0321e-001  5.8497e-001  4.2703e-001  6.8754e-001
  4.8741e-001  5.3999e-001  -7.6228e-002  4.6306e-001  -5.7851e-001  3.7686e-001
  -6.1801e-001  -6.8033e-001  -2.3625e-001  6.0059e-001  4.8518e-002  -1.9339e-002
  -2.4025e-001  -5.5561e-001  -7.8054e-001  -2.4140e-001  -2.9411e-001  3.9664e-002
  -5.8071e-001  1.7159e-001  -1.9931e-001  -8.0432e-001  3.0457e-001  -5.8976e-001
  -3.9830e-001  5.0689e-002  -2.6425e-001  -8.3955e-001  9.3997e-001  -2.6720e-001
  1.0555e-001  7.6920e-003  1.3094e-001  1.6797e-001  -3.5540e-001  -3.7195e-001
  -6.0873e-001  8.4869e-002  -1.4654e-001  -2.2647e-001  -3.6187e-001  -8.5337e-001
  1.3013e+000  -5.2168e-001  5.4970e-003  -6.9026e-001  -1.1532e-001  5.3514e-001
  6.3678e-002  2.5203e-001  8.0422e-001  1.7544e-001  7.4832e-001  4.1445e-001
  -4.1287e-001  -2.0811e-001  -4.5837e-001  -4.7612e-001  -6.4315e-002  -2.7485e-001
  4.8032e-001  3.5122e-001  -6.8935e-001  1.4982e-001  -7.1765e-001  8.3794e-001
  -6.7767e-001  4.6177e-001  5.3070e-001  8.2996e-001  1.5004e+000  -1.9643e-001
  -1.3095e-001  1.3396e-001  1.1403e-001  1.3059e+000  2.9033e-001  -6.5203e-001
  -1.8881e-001  9.0450e-002  -7.0678e-002  -8.3869e-001  -5.4427e-001  1.3108e-002
  -5.1641e-001  3.8830e-001  -7.6890e-002  -7.3246e-002  -1.4975e+000  -4.0895e-001
  9.2512e-002  -8.0344e-001  -6.6559e-001  -8.0446e-001  -7.5202e-001  -6.0612e-001
  4.7899e-001  -3.8540e-001  -4.8852e-001  3.2606e-001  -1.2114e-001  8.0185e-001
  7.4502e-001  4.4119e-002  -3.4004e-001  -1.4277e-001  -2.9072e-001  -6.7451e-001
  -3.6141e-002  -3.4997e-001  1.0364e+000  -2.9488e-001  6.2246e-001  -7.4719e-002
  4.6720e-001  -3.0285e-001  -1.0049e+000  7.2428e-001  7.6187e-001  -1.7827e+000
  -2.6311e-002  -1.4650e+000  -8.8903e-001  -6.7387e-002  6.7232e-002  -1.3059e+000
  2.6218e-001  -1.2105e-001  -2.7427e-001  2.4284e-001  1.5176e-001  3.1976e-001
  -1.1743e+000  -8.9649e-001  1.1107e+000  1.9484e-001  -3.1644e-001  3.0219e-001
  1.3493e-002  2.5822e-001  -6.3953e-001  -5.0248e-001  2.8461e-003  3.9194e-001
  -3.4900e-001  3.5691e-001  3.7684e-001  -5.2659e-001  -3.4603e-001  4.5857e-002
  2.2806e-001  3.8599e-001  4.8614e-001  -5.3626e-001  -4.0381e-001  -4.6007e-002
  -5.0283e-001  2.1938e-001  1.6726e-001  -7.2988e-001  3.7526e-001  8.0078e-001
  -4.5028e-002  1.4370e-001  -3.7172e-002  -1.0352e+000  -2.9745e-001  -1.9655e-002
  3.9440e-001  9.7343e-001  9.4668e-001  1.5904e+000  -6.7451e-001  4.8742e-001
  -8.4322e-001  4.2837e-001  -6.9822e-001  -2.3546e-001  -1.3095e-001  9.5297e-002
  -9.8654e-001  2.2985e-001  -4.4206e-001  -6.0648e-001  -7.2735e-002  -9.6776e-001
  -3.6773e-001  4.3219e-001  -8.0021e-001  -1.0855e-002  1.7983e-001  -3.2583e-001
  5.3591e-001  2.1796e-001  -1.9052e-001  1.1224e-001  8.0835e-001  2.8338e-001
  9.2000e-002  -8.3223e-002  5.1326e-001  -2.8772e-001  2.4112e-001  -2.3056e-001
  -2.0834e-002  -4.6958e-001  -1.8910e-001  8.7755e-001  2.2779e-001  3.3725e-001
  1.1465e+000  -1.0043e-001  1.3712e+000  -1.9117e-001  -1.4271e+000  1.7402e-001
  5.1847e-001  -1.2800e+000  2.7347e-001  -7.7753e-001  -1.0083e+000  5.3214e-001
  4.7781e-001  8.6755e-001  7.9867e-001  6.2049e-001  -4.4454e-001  8.0394e-001
  -4.8608e-002  -5.2642e-001  -8.6001e-001  9.1273e-001  5.8385e-002  3.2100e-001
  -1.0323e-001  -1.0363e-001  -9.4045e-001  -4.8368e-001  -1.9674e-001  2.9711e-001
  1.0592e-001  2.3677e-001  -8.5619e-001  -1.3379e+000  -1.0515e+000  6.7018e-001
  -3.5463e-001  -5.3474e-001  -1.6681e-001  -3.5421e-001  7.7200e-001  -1.3411e+000
  -2.5401e-001  -2.5554e-001  1.2546e+000  2.4702e-004  7.1607e-001  -4.0154e-001
  9.9485e-002  -6.2771e-001  -3.2673e-001  9.6950e-001  4.5386e-001  -5.6179e-001
  -5.0002e-001  3.5272e-001  1.5605e+000  1.4649e-001  -3.4664e-001  -7.9597e-002
  3.8290e-001  9.1218e-001  -3.2293e-001  6.5552e-001  -4.7132e-002  2.5643e-001
  -6.3369e-002  4.6953e-001  -7.2085e-002  1.8338e-001  -5.1352e-001  1.4933e-001
  1.7517e-002  2.6262e-001  4.2178e-001  6.8700e-001  -3.0925e-001  5.3830e-001
  4.9097e-001  -3.3547e-001  2.5547e-002  -1.6348e-001  8.1483e-002  1.7089e-001
  -1.5310e-001  1.4518e-001  8.5658e-001  3.5707e-001  -3.1516e-001  7.1038e-001
  2.9984e-001  6.1687e-001  4.5260e-001  -1.0394e+000  -9.7541e-001  9.7060e-001
  -4.3269e-001  -2.3158e-001  -7.5769e-001  -5.2185e-002  -1.0649e-001  -6.4451e-001
  -5.7259e-001  4.6340e-002  -4.5480e-001  1.1427e-001  1.3367e-001  4.5243e-001
  7.6761e-001  2.0965e-001  4.5171e-002  6.9655e-001  8.1107e-001  4.3087e-002
  9.8424e-001  -1.0145e-001  7.2168e-001  -4.8183e-001  -3.2194e-001  6.6873e-002
  3.4527e-001  -7.2870e-002  3.0086e-001  2.3633e-001  -6.2420e-002  -1.3134e+000
  -4.5280e-001  -2.7957e-001  7.8199e-001  6.5184e-001  -2.7186e-001  -1.0236e-001
  -3.6325e-001  -6.8809e-001  -9.7715e-001  3.9948e-001  4.4155e-001  -2.7422e-001
  -3.7294e-001  -7.1173e-001  -1.1043e+000  -1.1948e+000  3.3586e-001  -1.2563e-001
  9.6830e-001  -4.8351e-001  -2.4607e-003  -7.5414e-001  -1.0737e+000  3.4397e-001
  3.3552e-001  -1.2033e-001  2.9573e-001  -1.4335e+000  -1.4311e+000  1.2300e-001
  -4.3976e-001  2.1291e-001  -1.0441e+000  2.4697e-001  1.5343e+000  5.8741e-001
  1.1876e+000  5.7225e-002  -3.7029e-001  3.9715e-001  1.7780e+000  -1.2952e-001
  5.2871e-002  1.0502e+000  5.8245e-001  1.0920e+000  7.6522e-002  -2.7964e-001
  3.2630e-001  7.8351e-001  -1.2844e-001  2.7512e-001  -7.5069e-002  -1.8397e-001
  -1.0452e+000  -5.2390e-002  3.7415e-001  -1.7171e-001  -1.0407e+000  -5.0765e-002
  -9.9723e-001  3.3693e-001  2.2847e-001  1.7179e-002  -1.1974e+000  4.5161e-001
  2.5868e-001  4.4639e-001  6.2929e-001  -7.7108e-001  4.1983e-001  -1.2664e+000
  -5.5258e-001  -1.2250e+000  -1.4490e-001  -2.8353e-001  -6.1545e-002  -6.8110e-001
  2.7756e-001  -7.0828e-001  -1.0807e+000  -7.1294e-001  -9.6880e-001  2.3048e-001
  4.1771e-001  -1.0491e-001  -1.0784e-002  1.0123e-001  -1.1781e-001  -5.4104e-001
  2.0481e-001  -5.9331e-002  8.7216e-002  2.0706e-001  2.6707e-001  -4.3574e-001
  6.4696e-001  -6.4028e-001  9.4880e-002  8.7450e-002  1.8658e-001  -6.4947e-001
  5.6609e-001  2.8052e-001  -4.1903e-001  -6.6070e-001  4.9144e-001  3.9473e-001
  -4.0978e-001  3.6382e-001  1.0255e+000  -2.2581e-002  -3.5380e-001  8.5154e-001
  -1.8736e-001  -3.2464e-001  -6.3422e-001  -3.3613e-001  -7.6156e-002  -8.8550e-002
  -6.4663e-001  -5.0565e-002  1.4600e+000  -2.8163e-001  -9.6188e-001  7.2371e-001
  -5.5345e-001  -1.0417e-001  -1.2888e+000  1.9520e-001  8.6520e-001  -7.9904e-001
  -8.2418e-001  3.4875e-001  2.1103e-001  2.1073e-001  1.8200e-001  -1.0435e-001
  -7.2363e-002  -6.5177e-001  -1.0146e-001  -4.9352e-001  -6.9566e-001  1.5745e+000
  -1.0506e+000  1.1903e-001  -5.3039e-001  -1.0332e+000  -7.3464e-001  5.7000e-001
  7.6788e-001  8.8832e-001  4.6553e-001  4.4112e-002  -4.5660e-001  3.2560e-002
  -4.6847e-002  5.2812e-001  5.4975e-001  1.2915e+000  4.3332e-001  -8.9818e-001
  -4.0777e-002  -4.4595e-001  -3.0470e-001  5.6133e-001  -2.6815e-001  1.2832e-001
  1.0784e+000  -8.2912e-001  4.0638e-001  8.5038e-001  4.8439e-001  7.5052e-003
  4.1564e-001  8.0857e-001  -1.3995e-001  -4.8795e-001  6.6131e-001  -2.9791e-001
  3.1626e-001  9.5455e-002  6.0843e-001  -1.2691e-001  6.7676e-002  2.9538e-001
  -3.4966e-002  -1.4403e-001  2.9425e-001  4.5349e-001  4.3289e-001  -6.6667e-001
  -3.1689e-001  -4.9938e-001  -4.3035e-001  -4.4463e-001  2.0988e-001  -3.3052e-001
  -6.0541e-002  9.1397e-001  -2.5074e-001  1.3568e+000  -1.3403e-001  6.9893e-001
  -2.9875e-001  8.8371e-001  5.6382e-001  -4.3676e-002  -2.0959e+000  -5.0507e-001
  -1.3638e+000  5.8692e-001  -2.9589e-001  1.5399e-001  8.1609e-001  -1.8975e-001
  5.9254e-003  -1.2480e+000  6.0420e-001  -4.4904e-001  7.6916e-001  -3.7545e-002
  5.1523e-001  6.0859e-001  -3.6879e-001  3.3000e-001  3.5168e-001  3.1703e-001
  8.3311e-001  -8.6930e-001  6.0880e-001  4.1040e-002  -1.0838e-001  3.3192e-001
  -4.7863e-001  -1.6398e-001  -1.0758e+000  -2.5591e-001  2.5588e-001  -1.8257e-001
  -2.0179e-001  -1.1667e+000  2.5379e-001  -1.3904e+000  -1.1668e+000  -3.2609e-001
  -3.3168e-001  -3.2793e-002  -4.2739e-001  3.8500e-001  3.8862e-001  4.5511e-002
  1.1729e+000  -2.7603e-001  -3.4282e-002  2.6349e-001  1.1034e-001  5.9105e-002
  -5.7071e-001  -4.5264e-001  -6.4749e-001  3.9070e-001  -1.3870e+000  -1.2134e+000
  8.4885e-001  9.9988e-001  4.1608e-001  3.0924e-001  -5.9911e-001  -4.4525e-001
  9.9989e-001  3.9943e-001  7.7804e-001  6.4803e-001  8.7845e-001  4.9289e-001
  1.0652e+000  7.9745e-001  1.9667e-002  1.0526e+000  6.4617e-001  8.3059e-001
  -1.2941e+000  -8.5162e-002  -1.3644e-001  3.4608e-001  1.4976e-001  -2.3130e-001
  -5.3069e-001  -1.4901e-001  -1.1351e-001  9.3743e-002  2.8982e-001  -8.6226e-001
  -8.6536e-001  -4.0679e-001  -9.6485e-002  -6.2545e-001  -6.6888e-002  -4.1263e-001
  -1.2447e+000  -9.3450e-001  -1.6532e-001  -4.2274e-002  2.8755e-001  2.2097e-001
  -1.0725e+000  1.3651e-001  -5.6091e-001  -9.9302e-001  4.6064e-001  9.7532e-001
  4.1317e-001  -7.8960e-002  -4.3036e-001  -1.5970e+000  -2.9081e-001  9.0435e-002
  2.3096e-002  -3.0328e-001  -3.8268e-001  8.8223e-001  -8.7429e-001  3.1950e-002
  5.9388e-001  -3.2217e-001  -8.2633e-001  -4.4721e-001  -3.0253e-001  2.1411e-001
  -9.7530e-001  -6.5248e-001  7.5431e-001  -1.3177e+000  3.7457e-001  5.6896e-001
  6.3866e-002  -3.5835e-001  -3.4743e-001  -1.2457e+000  4.8266e-001  1.4922e-001
  -8.2428e-001  5.2571e-001  -7.6833e-001  -3.3594e-001  -1.0257e+000  1.6470e-001
  5.1799e-002  8.0837e-001  -1.0434e-002  1.0787e-001  -7.3164e-001  -1.3498e-001
  -1.0751e-001  -4.3351e-001  -4.5974e-001  1.9092e-001  1.3745e-001  -5.6148e-001
  -6.8716e-001  -2.6472e-001  5.6916e-002  1.6499e+000  3.9470e-001  -1.1784e+000
  -4.6127e-001  6.9536e-001  -8.4974e-001  6.9058e-001  7.1598e-001  -4.2423e-001
  1.4507e+000  6.5476e-001  1.1175e+000  -1.1722e-001  -1.5484e-001  6.4985e-001
  -3.4499e-001  -4.9691e-001  -2.3969e-001  1.9174e+000  1.2457e+000  -3.6002e-001
  2.0585e-001  1.6363e-001  2.3326e-001  8.3175e-001  3.3121e-001  -3.6133e-001
  2.1789e-001  -2.3435e-001  -9.3049e-001  -3.4855e-001  2.2036e-001  -3.4588e-001
  5.5145e-002  6.9374e-002  -1.2350e+000  -1.4011e+000  9.2140e-001  3.3352e-001
  -9.8421e-001  3.1187e-002  3.3788e-001  4.3851e-001  5.5089e-001  1.6828e-001
  -4.7198e-002  -2.8869e-001  9.2972e-001  -2.6575e-001  -2.5577e-001  2.5555e-001
  2.1430e-001  -1.3825e-001  -1.0240e+000  -4.1785e-001  -6.5411e-001  -1.4851e-001
  2.5377e-002  -5.4464e-001  2.0496e-001  -1.4094e+000  -7.3417e-001  2.4493e-001
  -5.6893e-001  1.8519e-001  3.6483e-001  1.9590e-001  -9.8174e-001  8.3152e-001
  4.6175e-001  1.5018e+000  8.8515e-001  -8.2578e-002  -5.2680e-001  1.1678e-002